{
 "cells": [
  {
   "cell_type": "code",
   "execution_count": 1,
   "id": "87c820cf",
   "metadata": {},
   "outputs": [],
   "source": [
    "from ase.build import bulk\n",
    "from ase import Atoms\n",
    "\n",
    "from typing import Optional, Any\n",
    "\n",
    "from pyiron_workflow_lammps.engine import LammpsEngine\n",
    "from pyiron_workflow_atomistics.dataclass_storage import Engine, CalcInputMD\n",
    "\n",
    "import pyiron_workflow as pwf\n",
    "from pyiron_workflow import Workflow\n",
    "\n",
    "%load_ext autoreload\n",
    "%autoreload 2"
   ]
  },
  {
   "cell_type": "code",
   "execution_count": 2,
   "id": "d2e2ee56",
   "metadata": {},
   "outputs": [],
   "source": [
    "@pwf.as_function_node(\"calc_output\")\n",
    "def calculate_structure_node(\n",
    "    structure: Atoms,\n",
    "    calculation_engine: Optional[Engine] = None,\n",
    "    _calc_structure_fn=None,\n",
    "    _calc_structure_fn_kwargs: dict[str, Any] | None = None,\n",
    ") -> Any:\n",
    "    if calculation_engine is not None:\n",
    "        calc_structure_fn, calc_structure_fn_kwargs = calculation_engine.calculate_fn(structure = structure)\n",
    "    else:\n",
    "        calc_structure_fn = _calc_structure_fn\n",
    "        calc_structure_fn_kwargs = _calc_structure_fn_kwargs\n",
    "    output = calc_structure_fn(\n",
    "        structure=structure, **calc_structure_fn_kwargs\n",
    "    )\n",
    "    return output"
   ]
  },
  {
   "cell_type": "code",
   "execution_count": 3,
   "id": "1e92516c",
   "metadata": {},
   "outputs": [
    {
     "name": "stderr",
     "output_type": "stream",
     "text": [
      "2025-07-21 01:07:17,116 - pyiron_log - WARNING - Directory 'EnginePrototype' already exists. Existing files may be overwritten.\n"
     ]
    },
    {
     "name": "stdout",
     "output_type": "stream",
     "text": [
      "self.potential_elements: ['C', 'Fe'] in calculate_fn\n",
      "['C', 'Fe']\n",
      "EnginePrototype\n",
      "Successfully read LAMMPS structure file\n",
      "working_directory: EnginePrototype\n",
      " potential_elements: ['C', 'Fe']\n",
      " units: metal\n",
      " prism: None\n",
      " lammps_structure_filepath: lammps.data\n",
      " dump_out_file_name: dump.out\n",
      " log_lammps_file_name: minimize.log\n",
      " log_lammps_convergence_printout: Total wall time:\n",
      "\n",
      "EnginePrototype/lammps.data\n",
      "EnginePrototype/dump.out\n"
     ]
    },
    {
     "name": "stderr",
     "output_type": "stream",
     "text": [
      "/root/miniconda3/envs/pyiron_workflow/lib/python3.12/site-packages/pyiron_lammps/units.py:236: UserWarning: Warning: Couldn't determine the LAMMPS to pyiron unit conversion type of quantity eng. Returning un-normalized quantity\n",
      "  warnings.warn(\n"
     ]
    },
    {
     "name": "stdout",
     "output_type": "stream",
     "text": [
      "Get structure species lists operating in EnginePrototype/dump.out\n"
     ]
    },
    {
     "data": {
      "text/plain": [
       "{'calc__calc_output': {'lammps_output': <pyiron_workflow_atomistics.dataclass_storage.EngineOutput at 0x77193ece1c40>}}"
      ]
     },
     "execution_count": 3,
     "metadata": {},
     "output_type": "execute_result"
    }
   ],
   "source": [
    "from pyiron_workflow import Workflow\n",
    "from ase.build import bulk\n",
    "from pyiron_workflow_atomistics.dataclass_storage import CalcInputMinimize\n",
    "\n",
    "structure = bulk(\"Fe\") * [10,10,10]\n",
    "structure.rattle(0.3)\n",
    "structure[0].symbol = \"C\"\n",
    "structure[10].symbol = \"C\"\n",
    "wf = Workflow(\"EnginePrototype\", delete_existing_savefiles=True)\n",
    "EngineInput = CalcInputMinimize()\n",
    "\n",
    "Engine = LammpsEngine(EngineInput = EngineInput)\n",
    "Engine.working_directory = \"EnginePrototype\"\n",
    "Engine.command = \"/root/github_dev/lammps/build/lmp -in in.lmp -log minimize.log\"\n",
    "Engine.lammps_log_filepath = \"minimize.log\"\n",
    "Engine.path_to_model = \"/root/github_dev/test_workflow_nodes/2025_04_29_FeGB_Segregation_Workflows/final_model\"\n",
    "\n",
    "wf.calc = calculate_structure_node(structure = structure,\n",
    "                                   calculation_engine = Engine)\n",
    "wf.run()\n",
    "# try:\n",
    "#     wf.run()\n",
    "# except Exception as e:\n",
    "#     print(\"Failed because of: \", e)"
   ]
  },
  {
   "cell_type": "code",
   "execution_count": 4,
   "id": "aee7a983",
   "metadata": {},
   "outputs": [
    {
     "data": {
      "text/plain": [
       "Atoms(symbols='C2Fe998', pbc=True, cell=[[24.85492908861339, 2.0978986820301768e-16, 3.3935485986467947e-15], [-8.28497636287113, 23.43345187262574, -4.3338259258666706e-15], [-24.85492908861339, -35.15017780893861, 20.293964620053906]])"
      ]
     },
     "execution_count": 4,
     "metadata": {},
     "output_type": "execute_result"
    }
   ],
   "source": [
    "wf.calc.outputs.calc_output[\"lammps_output\"].value.final_structure"
   ]
  },
  {
   "cell_type": "code",
   "execution_count": 5,
   "id": "2d50d712",
   "metadata": {},
   "outputs": [
    {
     "data": {
      "text/plain": [
       "-8220.61028368984"
      ]
     },
     "execution_count": 5,
     "metadata": {},
     "output_type": "execute_result"
    }
   ],
   "source": [
    "wf.calc.outputs.calc_output[\"lammps_output\"].value.final_energy"
   ]
  },
  {
   "cell_type": "code",
   "execution_count": 6,
   "id": "ba723586",
   "metadata": {},
   "outputs": [
    {
     "data": {
      "text/plain": [
       "pyiron_workflow_atomistics.dataclass_storage.EngineOutput"
      ]
     },
     "execution_count": 6,
     "metadata": {},
     "output_type": "execute_result"
    }
   ],
   "source": [
    "type(wf.calc.outputs.calc_output[\"lammps_output\"].value)"
   ]
  },
  {
   "cell_type": "code",
   "execution_count": 7,
   "id": "2dea4303",
   "metadata": {},
   "outputs": [
    {
     "name": "stdout",
     "output_type": "stream",
     "text": [
      "EngineOutput(\n",
      "  convergence=True,\n",
      "  energies=array([-7010.30168093, -8019.72694167, -8214.58876382, -8220.32961934,\n",
      "       -8220.61028369]),\n",
      "  final_energy=-8220.61028368984,\n",
      "  final_forces=array([[ 0.04576607, -0.16102863,  0.12426019],\n",
      "       [ 0.00166195, -0.01075983, -0.00957117],\n",
      "       [ 0.02747574,  0.0012981 ,  0.04161868],\n",
      "       ...,\n",
      "       [-0.02662174, -0.02540793, -0.01386125],\n",
      "       [ 0.0039392 , -0.00894802, -0.04593229],\n",
      "       [-0.00895365, -0.00565367, -0.04609921]]),\n",
      "  final_results=None,\n",
      "  final_stress=array([[-6.31026516e+00,  4.95886958e-03, -2.20259026e-02],\n",
      "       [ 4.95886958e-03, -6.28300195e+00, -2.06972853e-02],\n",
      "       [-2.20259026e-02, -2.06972853e-02, -6.21849361e+00]]),\n",
      "  final_stress_tensor=None,\n",
      "  final_stress_tensor_voigt=None,\n",
      "  final_structure=Atoms(symbols='C2Fe998', pbc=True, cell=[[24.85492908861339, 2.0978986820301768e-16, 3.3935485986467947e-15], [-8.28497636287113, 23.43345187262574, -4.3338259258666706e-15], [-24.85492908861339, -35.15017780893861, 20.293964620053906]]),\n",
      "  final_volume=11819.951500000001,\n",
      "  forces=array([[[-1.80318331e-01,  1.47528553e+00,  2.86253194e-01],\n",
      "        [ 3.82536438e+00, -9.26575933e+00,  4.45243586e-01],\n",
      "        [ 1.06188416e+00,  3.84146861e-01, -2.91348697e+00],\n",
      "        ...,\n",
      "        [-2.22139231e-01,  1.70446102e-01, -3.15586345e+00],\n",
      "        [-1.58246159e+00,  7.33687894e-01,  6.08108998e-01],\n",
      "        [-3.25306120e-01,  5.23155041e+00,  2.69993616e+00]],\n",
      "\n",
      "       [[ 3.29728761e-01, -1.28124344e-01, -1.62611951e-01],\n",
      "        [ 7.93495716e-01,  2.83496695e-01, -9.78835306e-01],\n",
      "        [ 4.83208755e-01,  1.47130652e-01, -1.49511976e+00],\n",
      "        ...,\n",
      "        [ 4.63705127e-01,  3.67088689e-01, -3.05857227e-01],\n",
      "        [-4.92975735e-01,  4.29124982e-01,  5.49740535e-01],\n",
      "        [-4.78611697e-01,  7.08508519e-01,  2.35818897e-01]],\n",
      "\n",
      "       [[ 5.72099792e-01,  1.64031147e-01, -4.26632092e-01],\n",
      "        [ 4.12521840e-02, -4.91557064e-02, -1.46498342e-01],\n",
      "        [ 7.45937116e-02, -1.55274722e-03,  8.36429371e-02],\n",
      "        ...,\n",
      "        [ 8.91447567e-03, -6.35985305e-02,  2.10913267e-02],\n",
      "        [ 3.10999974e-02, -3.44119124e-02,  8.74634361e-02],\n",
      "        [-1.43725419e-01, -1.03146151e-01,  6.71538573e-02]],\n",
      "\n",
      "       [[-1.01806596e-01,  3.47248147e-01,  4.04298270e-01],\n",
      "        [-1.61727119e-02, -2.64893027e-03,  2.73192404e-02],\n",
      "        [ 3.84049998e-02,  3.36267885e-03,  2.61395408e-02],\n",
      "        ...,\n",
      "        [ 5.85146285e-03, -2.89263272e-02,  4.07785092e-03],\n",
      "        [ 3.73930759e-03, -5.24601905e-02, -4.04212792e-02],\n",
      "        [-2.17491912e-02, -3.00322005e-02, -8.78649226e-03]],\n",
      "\n",
      "       [[ 4.57660654e-02, -1.61028634e-01,  1.24260187e-01],\n",
      "        [ 1.66194898e-03, -1.07598324e-02, -9.57117498e-03],\n",
      "        [ 2.74757446e-02,  1.29810476e-03,  4.16186817e-02],\n",
      "        ...,\n",
      "        [-2.66217413e-02, -2.54079252e-02, -1.38612539e-02],\n",
      "        [ 3.93919855e-03, -8.94802133e-03, -4.59322947e-02],\n",
      "        [-8.95365000e-03, -5.65366719e-03, -4.60992136e-02]]]),\n",
      "  magmoms=None,\n",
      "  n_ionic_steps=array([ 0, 10, 20, 30, 33]),\n",
      "  stresses=array([[[ 2.60779221e+01, -7.74399781e-01, -5.32123741e-01],\n",
      "        [-7.74399781e-01,  2.82328261e+01, -1.68286089e-01],\n",
      "        [-5.32123741e-01, -1.68286089e-01,  2.73366501e+01]],\n",
      "\n",
      "       [[ 1.07935189e+00, -5.34530578e-02, -6.26371886e-02],\n",
      "        [-5.34530578e-02,  1.10402775e+00, -9.41959452e-02],\n",
      "        [-6.26371886e-02, -9.41959452e-02,  1.43297752e+00]],\n",
      "\n",
      "       [[-6.21936632e+00,  1.89235649e-02, -2.07825345e-02],\n",
      "        [ 1.89235649e-02, -6.09269709e+00, -3.29836763e-02],\n",
      "        [-2.07825345e-02, -3.29836763e-02, -6.00860914e+00]],\n",
      "\n",
      "       [[-6.41088533e+00,  1.86163797e-02, -2.91261092e-02],\n",
      "        [ 1.86163797e-02, -6.30836438e+00, -4.11524578e-02],\n",
      "        [-2.91261092e-02, -4.11524578e-02, -6.20375737e+00]],\n",
      "\n",
      "       [[-6.31026516e+00,  4.95886958e-03, -2.20259026e-02],\n",
      "        [ 4.95886958e-03, -6.28300195e+00, -2.06972853e-02],\n",
      "        [-2.20259026e-02, -2.06972853e-02, -6.21849361e+00]]]),\n",
      "  stresses_voigt=None,\n",
      "  structures=[Atoms(symbols='C2Fe998', pbc=True, cell=[[24.85492908861339, 2.0978986820301768e-16, 3.3935485986467947e-15], [-8.28497636287113, 23.43345187262574, -4.3338259258666706e-15], [-24.85492908861339, -35.15017780893861, 20.293964620053906]]), Atoms(symbols='C2Fe998', pbc=True, cell=[[24.85492908861339, 2.0978986820301768e-16, 3.3935485986467947e-15], [-8.28497636287113, 23.43345187262574, -4.3338259258666706e-15], [-24.85492908861339, -35.15017780893861, 20.293964620053906]]), Atoms(symbols='C2Fe998', pbc=True, cell=[[24.85492908861339, 2.0978986820301768e-16, 3.3935485986467947e-15], [-8.28497636287113, 23.43345187262574, -4.3338259258666706e-15], [-24.85492908861339, -35.15017780893861, 20.293964620053906]]), Atoms(symbols='C2Fe998', pbc=True, cell=[[24.85492908861339, 2.0978986820301768e-16, 3.3935485986467947e-15], [-8.28497636287113, 23.43345187262574, -4.3338259258666706e-15], [-24.85492908861339, -35.15017780893861, 20.293964620053906]]), Atoms(symbols='C2Fe998', pbc=True, cell=[[24.85492908861339, 2.0978986820301768e-16, 3.3935485986467947e-15], [-8.28497636287113, 23.43345187262574, -4.3338259258666706e-15], [-24.85492908861339, -35.15017780893861, 20.293964620053906]])])\n"
     ]
    }
   ],
   "source": [
    "print(wf.calc.outputs.calc_output[\"lammps_output\"].value)"
   ]
  },
  {
   "cell_type": "code",
   "execution_count": 20,
   "id": "af246191",
   "metadata": {},
   "outputs": [
    {
     "name": "stdout",
     "output_type": "stream",
     "text": [
      "dict_keys(['convergence', 'energies', 'final_energy', 'final_forces', 'final_results', 'final_stress', 'final_stress_tensor', 'final_stress_tensor_voigt', 'final_structure', 'final_volume', 'forces', 'magmoms', 'n_ionic_steps', 'stresses', 'stresses_voigt', 'structures'])\n"
     ]
    }
   ],
   "source": [
    "print(wf.calc.outputs.calc_output[\"lammps_output\"].value.to_dict().keys())"
   ]
  },
  {
   "cell_type": "code",
   "execution_count": null,
   "id": "48563891",
   "metadata": {},
   "outputs": [
    {
     "data": {
      "text/plain": [
       "{'convergence': True,\n",
       " 'energies': array([-7010.45355918, -8023.38582478, -8218.71508008, -8224.06257606,\n",
       "        -8224.13208786]),\n",
       " 'final_energy': -8224.13208785766,\n",
       " 'final_forces': array([[-0.05452379,  0.04778622,  0.05526517],\n",
       "        [-0.02865351, -0.03361518, -0.05447873],\n",
       "        [ 0.04539096,  0.0167691 ,  0.04879747],\n",
       "        ...,\n",
       "        [-0.01422651, -0.01010262,  0.00855812],\n",
       "        [ 0.02840126,  0.00736254,  0.01495248],\n",
       "        [-0.00636027,  0.00658272, -0.00199328]]),\n",
       " 'final_results': None,\n",
       " 'final_stress': array([[-6.46146165,  0.01532415, -0.0183218 ],\n",
       "        [ 0.01532415, -6.31041457, -0.01685491],\n",
       "        [-0.0183218 , -0.01685491, -6.30727337]]),\n",
       " 'final_stress_tensor': None,\n",
       " 'final_stress_tensor_voigt': None,\n",
       " 'final_structure': Atoms(symbols='Fe1000', pbc=True, cell=[[24.85492908861339, 2.0978986820301768e-16, 3.3935485986467947e-15], [-8.28497636287113, 23.43345187262574, -4.3338259258666706e-15], [-24.85492908861339, -35.15017780893861, 20.293964620053906]]),\n",
       " 'final_volume': 11819.951500000001,\n",
       " 'forces': array([[[ 3.78290241e+00, -4.05130817e+00, -1.83789820e+00],\n",
       "         [ 3.85748169e+00, -9.72531736e+00,  5.33273032e-01],\n",
       "         [ 1.07995733e+00,  4.13147976e-01, -2.93982128e+00],\n",
       "         ...,\n",
       "         [-2.15864685e-01,  1.64243366e-01, -3.16917198e+00],\n",
       "         [-1.60037403e+00,  6.72826618e-01,  5.71347582e-01],\n",
       "         [-2.77320000e-01,  5.26213093e+00,  2.82204195e+00]],\n",
       " \n",
       "        [[-2.20189228e-01, -6.03276924e-01, -2.24508977e-02],\n",
       "         [ 9.14523307e-01,  3.68273719e-01, -1.23851427e+00],\n",
       "         [ 4.88565445e-01,  1.42780666e-01, -1.50882341e+00],\n",
       "         ...,\n",
       "         [ 4.56926141e-01,  3.57310123e-01, -3.00214980e-01],\n",
       "         [-5.37322874e-01,  4.38838654e-01,  5.84721555e-01],\n",
       "         [-5.01051499e-01,  7.99779454e-01,  3.81398155e-01]],\n",
       " \n",
       "        [[-9.66962549e-02, -2.41305041e-02,  1.61076444e-02],\n",
       "         [ 1.86819977e-02, -7.11587833e-02, -1.56897601e-01],\n",
       "         [ 6.94889953e-02, -7.18237575e-04,  9.21848227e-02],\n",
       "         ...,\n",
       "         [ 1.77766383e-02, -5.81074176e-02,  2.23664814e-02],\n",
       "         [ 2.90981934e-02, -4.56353651e-02,  9.57711030e-02],\n",
       "         [-8.57783756e-02, -8.66965111e-02,  1.39857309e-03]],\n",
       " \n",
       "        [[-5.73243795e-02,  3.44313463e-02,  4.99202087e-02],\n",
       "         [-2.61011791e-02, -2.42531332e-02, -4.05682464e-02],\n",
       "         [ 4.82185209e-02,  1.83822228e-02,  3.56984570e-02],\n",
       "         ...,\n",
       "         [-2.19515132e-04, -1.68194669e-02,  1.29565541e-02],\n",
       "         [ 2.53728364e-02, -8.98362892e-03,  6.04200253e-03],\n",
       "         [-1.45355758e-02, -7.87482341e-03,  2.61052135e-03]],\n",
       " \n",
       "        [[-5.45237931e-02,  4.77862204e-02,  5.52651724e-02],\n",
       "         [-2.86535148e-02, -3.36151784e-02, -5.44787296e-02],\n",
       "         [ 4.53909627e-02,  1.67690950e-02,  4.87974733e-02],\n",
       "         ...,\n",
       "         [-1.42265109e-02, -1.01026188e-02,  8.55811555e-03],\n",
       "         [ 2.84012577e-02,  7.36253686e-03,  1.49524820e-02],\n",
       "         [-6.36027328e-03,  6.58272096e-03, -1.99328485e-03]]]),\n",
       " 'magmoms': None,\n",
       " 'n_ionic_steps': array([ 0, 10, 20, 30, 31]),\n",
       " 'stresses': array([[[ 2.63766932e+01, -8.13999876e-01, -5.80472719e-01],\n",
       "         [-8.13999876e-01,  2.86032794e+01, -1.28662279e-01],\n",
       "         [-5.80472719e-01, -1.28662279e-01,  2.74638437e+01]],\n",
       " \n",
       "        [[ 1.15169604e+00, -6.73096950e-02, -6.99970856e-02],\n",
       "         [-6.73096950e-02,  1.21028643e+00, -8.06598675e-02],\n",
       "         [-6.99970856e-02, -8.06598675e-02,  1.45730908e+00]],\n",
       " \n",
       "        [[-6.23846105e+00,  1.88229542e-02, -2.22219479e-02],\n",
       "         [ 1.88229542e-02, -6.06564238e+00, -1.88823408e-02],\n",
       "         [-2.22219479e-02, -1.88823408e-02, -6.05705661e+00]],\n",
       " \n",
       "        [[-6.43794551e+00,  1.31416350e-02, -1.76188230e-02],\n",
       "         [ 1.31416350e-02, -6.27927435e+00, -1.73536644e-02],\n",
       "         [-1.76188230e-02, -1.73536644e-02, -6.28686993e+00]],\n",
       " \n",
       "        [[-6.46146165e+00,  1.53241512e-02, -1.83217959e-02],\n",
       "         [ 1.53241512e-02, -6.31041457e+00, -1.68549051e-02],\n",
       "         [-1.83217959e-02, -1.68549051e-02, -6.30727337e+00]]]),\n",
       " 'stresses_voigt': None,\n",
       " 'structures': [Atoms(symbols='Fe1000', pbc=True, cell=[[24.85492908861339, 2.0978986820301768e-16, 3.3935485986467947e-15], [-8.28497636287113, 23.43345187262574, -4.3338259258666706e-15], [-24.85492908861339, -35.15017780893861, 20.293964620053906]]),\n",
       "  Atoms(symbols='Fe1000', pbc=True, cell=[[24.85492908861339, 2.0978986820301768e-16, 3.3935485986467947e-15], [-8.28497636287113, 23.43345187262574, -4.3338259258666706e-15], [-24.85492908861339, -35.15017780893861, 20.293964620053906]]),\n",
       "  Atoms(symbols='Fe1000', pbc=True, cell=[[24.85492908861339, 2.0978986820301768e-16, 3.3935485986467947e-15], [-8.28497636287113, 23.43345187262574, -4.3338259258666706e-15], [-24.85492908861339, -35.15017780893861, 20.293964620053906]]),\n",
       "  Atoms(symbols='Fe1000', pbc=True, cell=[[24.85492908861339, 2.0978986820301768e-16, 3.3935485986467947e-15], [-8.28497636287113, 23.43345187262574, -4.3338259258666706e-15], [-24.85492908861339, -35.15017780893861, 20.293964620053906]]),\n",
       "  Atoms(symbols='Fe1000', pbc=True, cell=[[24.85492908861339, 2.0978986820301768e-16, 3.3935485986467947e-15], [-8.28497636287113, 23.43345187262574, -4.3338259258666706e-15], [-24.85492908861339, -35.15017780893861, 20.293964620053906]])]}"
      ]
     },
     "execution_count": 7,
     "metadata": {},
     "output_type": "execute_result"
    }
   ],
   "source": [
    "wf.calc.outputs.calc_output[\"lammps_output\"].value.to_dict()"
   ]
  },
  {
   "cell_type": "code",
   "execution_count": null,
   "id": "278d3ff7",
   "metadata": {},
   "outputs": [
    {
     "name": "stdout",
     "output_type": "stream",
     "text": [
      "{'convergence': True, 'energies': array([-7010.45355918, -8023.38582478, -8218.71508008, -8224.06257606,\n",
      "       -8224.13208786]), 'final_energy': -8224.13208785766, 'final_forces': array([[-0.05452379,  0.04778622,  0.05526517],\n",
      "       [-0.02865351, -0.03361518, -0.05447873],\n",
      "       [ 0.04539096,  0.0167691 ,  0.04879747],\n",
      "       ...,\n",
      "       [-0.01422651, -0.01010262,  0.00855812],\n",
      "       [ 0.02840126,  0.00736254,  0.01495248],\n",
      "       [-0.00636027,  0.00658272, -0.00199328]]), 'final_results': None, 'final_stress': array([[-6.46146165,  0.01532415, -0.0183218 ],\n",
      "       [ 0.01532415, -6.31041457, -0.01685491],\n",
      "       [-0.0183218 , -0.01685491, -6.30727337]]), 'final_stress_tensor': None, 'final_stress_tensor_voigt': None, 'final_structure': Atoms(symbols='Fe1000', pbc=True, cell=[[24.85492908861339, 2.0978986820301768e-16, 3.3935485986467947e-15], [-8.28497636287113, 23.43345187262574, -4.3338259258666706e-15], [-24.85492908861339, -35.15017780893861, 20.293964620053906]]), 'final_volume': 11819.951500000001, 'forces': array([[[ 3.78290241e+00, -4.05130817e+00, -1.83789820e+00],\n",
      "        [ 3.85748169e+00, -9.72531736e+00,  5.33273032e-01],\n",
      "        [ 1.07995733e+00,  4.13147976e-01, -2.93982128e+00],\n",
      "        ...,\n",
      "        [-2.15864685e-01,  1.64243366e-01, -3.16917198e+00],\n",
      "        [-1.60037403e+00,  6.72826618e-01,  5.71347582e-01],\n",
      "        [-2.77320000e-01,  5.26213093e+00,  2.82204195e+00]],\n",
      "\n",
      "       [[-2.20189228e-01, -6.03276924e-01, -2.24508977e-02],\n",
      "        [ 9.14523307e-01,  3.68273719e-01, -1.23851427e+00],\n",
      "        [ 4.88565445e-01,  1.42780666e-01, -1.50882341e+00],\n",
      "        ...,\n",
      "        [ 4.56926141e-01,  3.57310123e-01, -3.00214980e-01],\n",
      "        [-5.37322874e-01,  4.38838654e-01,  5.84721555e-01],\n",
      "        [-5.01051499e-01,  7.99779454e-01,  3.81398155e-01]],\n",
      "\n",
      "       [[-9.66962549e-02, -2.41305041e-02,  1.61076444e-02],\n",
      "        [ 1.86819977e-02, -7.11587833e-02, -1.56897601e-01],\n",
      "        [ 6.94889953e-02, -7.18237575e-04,  9.21848227e-02],\n",
      "        ...,\n",
      "        [ 1.77766383e-02, -5.81074176e-02,  2.23664814e-02],\n",
      "        [ 2.90981934e-02, -4.56353651e-02,  9.57711030e-02],\n",
      "        [-8.57783756e-02, -8.66965111e-02,  1.39857309e-03]],\n",
      "\n",
      "       [[-5.73243795e-02,  3.44313463e-02,  4.99202087e-02],\n",
      "        [-2.61011791e-02, -2.42531332e-02, -4.05682464e-02],\n",
      "        [ 4.82185209e-02,  1.83822228e-02,  3.56984570e-02],\n",
      "        ...,\n",
      "        [-2.19515132e-04, -1.68194669e-02,  1.29565541e-02],\n",
      "        [ 2.53728364e-02, -8.98362892e-03,  6.04200253e-03],\n",
      "        [-1.45355758e-02, -7.87482341e-03,  2.61052135e-03]],\n",
      "\n",
      "       [[-5.45237931e-02,  4.77862204e-02,  5.52651724e-02],\n",
      "        [-2.86535148e-02, -3.36151784e-02, -5.44787296e-02],\n",
      "        [ 4.53909627e-02,  1.67690950e-02,  4.87974733e-02],\n",
      "        ...,\n",
      "        [-1.42265109e-02, -1.01026188e-02,  8.55811555e-03],\n",
      "        [ 2.84012577e-02,  7.36253686e-03,  1.49524820e-02],\n",
      "        [-6.36027328e-03,  6.58272096e-03, -1.99328485e-03]]]), 'magmoms': None, 'n_ionic_steps': array([ 0, 10, 20, 30, 31]), 'stresses': array([[[ 2.63766932e+01, -8.13999876e-01, -5.80472719e-01],\n",
      "        [-8.13999876e-01,  2.86032794e+01, -1.28662279e-01],\n",
      "        [-5.80472719e-01, -1.28662279e-01,  2.74638437e+01]],\n",
      "\n",
      "       [[ 1.15169604e+00, -6.73096950e-02, -6.99970856e-02],\n",
      "        [-6.73096950e-02,  1.21028643e+00, -8.06598675e-02],\n",
      "        [-6.99970856e-02, -8.06598675e-02,  1.45730908e+00]],\n",
      "\n",
      "       [[-6.23846105e+00,  1.88229542e-02, -2.22219479e-02],\n",
      "        [ 1.88229542e-02, -6.06564238e+00, -1.88823408e-02],\n",
      "        [-2.22219479e-02, -1.88823408e-02, -6.05705661e+00]],\n",
      "\n",
      "       [[-6.43794551e+00,  1.31416350e-02, -1.76188230e-02],\n",
      "        [ 1.31416350e-02, -6.27927435e+00, -1.73536644e-02],\n",
      "        [-1.76188230e-02, -1.73536644e-02, -6.28686993e+00]],\n",
      "\n",
      "       [[-6.46146165e+00,  1.53241512e-02, -1.83217959e-02],\n",
      "        [ 1.53241512e-02, -6.31041457e+00, -1.68549051e-02],\n",
      "        [-1.83217959e-02, -1.68549051e-02, -6.30727337e+00]]]), 'stresses_voigt': None, 'structures': [Atoms(symbols='Fe1000', pbc=True, cell=[[24.85492908861339, 2.0978986820301768e-16, 3.3935485986467947e-15], [-8.28497636287113, 23.43345187262574, -4.3338259258666706e-15], [-24.85492908861339, -35.15017780893861, 20.293964620053906]]), Atoms(symbols='Fe1000', pbc=True, cell=[[24.85492908861339, 2.0978986820301768e-16, 3.3935485986467947e-15], [-8.28497636287113, 23.43345187262574, -4.3338259258666706e-15], [-24.85492908861339, -35.15017780893861, 20.293964620053906]]), Atoms(symbols='Fe1000', pbc=True, cell=[[24.85492908861339, 2.0978986820301768e-16, 3.3935485986467947e-15], [-8.28497636287113, 23.43345187262574, -4.3338259258666706e-15], [-24.85492908861339, -35.15017780893861, 20.293964620053906]]), Atoms(symbols='Fe1000', pbc=True, cell=[[24.85492908861339, 2.0978986820301768e-16, 3.3935485986467947e-15], [-8.28497636287113, 23.43345187262574, -4.3338259258666706e-15], [-24.85492908861339, -35.15017780893861, 20.293964620053906]]), Atoms(symbols='Fe1000', pbc=True, cell=[[24.85492908861339, 2.0978986820301768e-16, 3.3935485986467947e-15], [-8.28497636287113, 23.43345187262574, -4.3338259258666706e-15], [-24.85492908861339, -35.15017780893861, 20.293964620053906]])]}\n"
     ]
    }
   ],
   "source": [
    "output = wf.calc.outputs.calc_output.value[\"lammps_output\"]\n",
    "print(output.to_dict())"
   ]
  },
  {
   "cell_type": "code",
   "execution_count": null,
   "id": "4e0f4bc5",
   "metadata": {},
   "outputs": [
    {
     "name": "stdout",
     "output_type": "stream",
     "text": [
      "EngineOutput(\n",
      "  convergence=True,\n",
      "  energies=array([-7010.45355918, -8023.38582478, -8218.71508008, -8224.06257606,\n",
      "       -8224.13208786]),\n",
      "  final_energy=-8224.13208785766,\n",
      "  final_forces=array([[-0.05452379,  0.04778622,  0.05526517],\n",
      "       [-0.02865351, -0.03361518, -0.05447873],\n",
      "       [ 0.04539096,  0.0167691 ,  0.04879747],\n",
      "       ...,\n",
      "       [-0.01422651, -0.01010262,  0.00855812],\n",
      "       [ 0.02840126,  0.00736254,  0.01495248],\n",
      "       [-0.00636027,  0.00658272, -0.00199328]]),\n",
      "  final_results=None,\n",
      "  final_stress=array([[-6.46146165,  0.01532415, -0.0183218 ],\n",
      "       [ 0.01532415, -6.31041457, -0.01685491],\n",
      "       [-0.0183218 , -0.01685491, -6.30727337]]),\n",
      "  final_stress_tensor=None,\n",
      "  final_stress_tensor_voigt=None,\n",
      "  final_structure=Atoms(symbols='Fe1000', pbc=True, cell=[[24.85492908861339, 2.0978986820301768e-16, 3.3935485986467947e-15], [-8.28497636287113, 23.43345187262574, -4.3338259258666706e-15], [-24.85492908861339, -35.15017780893861, 20.293964620053906]]),\n",
      "  final_volume=11819.951500000001,\n",
      "  forces=array([[[ 3.78290241e+00, -4.05130817e+00, -1.83789820e+00],\n",
      "        [ 3.85748169e+00, -9.72531736e+00,  5.33273032e-01],\n",
      "        [ 1.07995733e+00,  4.13147976e-01, -2.93982128e+00],\n",
      "        ...,\n",
      "        [-2.15864685e-01,  1.64243366e-01, -3.16917198e+00],\n",
      "        [-1.60037403e+00,  6.72826618e-01,  5.71347582e-01],\n",
      "        [-2.77320000e-01,  5.26213093e+00,  2.82204195e+00]],\n",
      "\n",
      "       [[-2.20189228e-01, -6.03276924e-01, -2.24508977e-02],\n",
      "        [ 9.14523307e-01,  3.68273719e-01, -1.23851427e+00],\n",
      "        [ 4.88565445e-01,  1.42780666e-01, -1.50882341e+00],\n",
      "        ...,\n",
      "        [ 4.56926141e-01,  3.57310123e-01, -3.00214980e-01],\n",
      "        [-5.37322874e-01,  4.38838654e-01,  5.84721555e-01],\n",
      "        [-5.01051499e-01,  7.99779454e-01,  3.81398155e-01]],\n",
      "\n",
      "       [[-9.66962549e-02, -2.41305041e-02,  1.61076444e-02],\n",
      "        [ 1.86819977e-02, -7.11587833e-02, -1.56897601e-01],\n",
      "        [ 6.94889953e-02, -7.18237575e-04,  9.21848227e-02],\n",
      "        ...,\n",
      "        [ 1.77766383e-02, -5.81074176e-02,  2.23664814e-02],\n",
      "        [ 2.90981934e-02, -4.56353651e-02,  9.57711030e-02],\n",
      "        [-8.57783756e-02, -8.66965111e-02,  1.39857309e-03]],\n",
      "\n",
      "       [[-5.73243795e-02,  3.44313463e-02,  4.99202087e-02],\n",
      "        [-2.61011791e-02, -2.42531332e-02, -4.05682464e-02],\n",
      "        [ 4.82185209e-02,  1.83822228e-02,  3.56984570e-02],\n",
      "        ...,\n",
      "        [-2.19515132e-04, -1.68194669e-02,  1.29565541e-02],\n",
      "        [ 2.53728364e-02, -8.98362892e-03,  6.04200253e-03],\n",
      "        [-1.45355758e-02, -7.87482341e-03,  2.61052135e-03]],\n",
      "\n",
      "       [[-5.45237931e-02,  4.77862204e-02,  5.52651724e-02],\n",
      "        [-2.86535148e-02, -3.36151784e-02, -5.44787296e-02],\n",
      "        [ 4.53909627e-02,  1.67690950e-02,  4.87974733e-02],\n",
      "        ...,\n",
      "        [-1.42265109e-02, -1.01026188e-02,  8.55811555e-03],\n",
      "        [ 2.84012577e-02,  7.36253686e-03,  1.49524820e-02],\n",
      "        [-6.36027328e-03,  6.58272096e-03, -1.99328485e-03]]]),\n",
      "  magmoms=None,\n",
      "  n_ionic_steps=array([ 0, 10, 20, 30, 31]),\n",
      "  stresses=array([[[ 2.63766932e+01, -8.13999876e-01, -5.80472719e-01],\n",
      "        [-8.13999876e-01,  2.86032794e+01, -1.28662279e-01],\n",
      "        [-5.80472719e-01, -1.28662279e-01,  2.74638437e+01]],\n",
      "\n",
      "       [[ 1.15169604e+00, -6.73096950e-02, -6.99970856e-02],\n",
      "        [-6.73096950e-02,  1.21028643e+00, -8.06598675e-02],\n",
      "        [-6.99970856e-02, -8.06598675e-02,  1.45730908e+00]],\n",
      "\n",
      "       [[-6.23846105e+00,  1.88229542e-02, -2.22219479e-02],\n",
      "        [ 1.88229542e-02, -6.06564238e+00, -1.88823408e-02],\n",
      "        [-2.22219479e-02, -1.88823408e-02, -6.05705661e+00]],\n",
      "\n",
      "       [[-6.43794551e+00,  1.31416350e-02, -1.76188230e-02],\n",
      "        [ 1.31416350e-02, -6.27927435e+00, -1.73536644e-02],\n",
      "        [-1.76188230e-02, -1.73536644e-02, -6.28686993e+00]],\n",
      "\n",
      "       [[-6.46146165e+00,  1.53241512e-02, -1.83217959e-02],\n",
      "        [ 1.53241512e-02, -6.31041457e+00, -1.68549051e-02],\n",
      "        [-1.83217959e-02, -1.68549051e-02, -6.30727337e+00]]]),\n",
      "  stresses_voigt=None,\n",
      "  structures=[Atoms(symbols='Fe1000', pbc=True, cell=[[24.85492908861339, 2.0978986820301768e-16, 3.3935485986467947e-15], [-8.28497636287113, 23.43345187262574, -4.3338259258666706e-15], [-24.85492908861339, -35.15017780893861, 20.293964620053906]]), Atoms(symbols='Fe1000', pbc=True, cell=[[24.85492908861339, 2.0978986820301768e-16, 3.3935485986467947e-15], [-8.28497636287113, 23.43345187262574, -4.3338259258666706e-15], [-24.85492908861339, -35.15017780893861, 20.293964620053906]]), Atoms(symbols='Fe1000', pbc=True, cell=[[24.85492908861339, 2.0978986820301768e-16, 3.3935485986467947e-15], [-8.28497636287113, 23.43345187262574, -4.3338259258666706e-15], [-24.85492908861339, -35.15017780893861, 20.293964620053906]]), Atoms(symbols='Fe1000', pbc=True, cell=[[24.85492908861339, 2.0978986820301768e-16, 3.3935485986467947e-15], [-8.28497636287113, 23.43345187262574, -4.3338259258666706e-15], [-24.85492908861339, -35.15017780893861, 20.293964620053906]]), Atoms(symbols='Fe1000', pbc=True, cell=[[24.85492908861339, 2.0978986820301768e-16, 3.3935485986467947e-15], [-8.28497636287113, 23.43345187262574, -4.3338259258666706e-15], [-24.85492908861339, -35.15017780893861, 20.293964620053906]])])\n"
     ]
    }
   ],
   "source": [
    "print(wf.calc.outputs.calc_output[\"lammps_output\"].value)"
   ]
  },
  {
   "cell_type": "code",
   "execution_count": null,
   "id": "443a8b2c",
   "metadata": {},
   "outputs": [
    {
     "data": {
      "text/plain": [
       "pyiron_workflow_atomistics.dataclass_storage.EngineOutput"
      ]
     },
     "execution_count": 10,
     "metadata": {},
     "output_type": "execute_result"
    }
   ],
   "source": [
    "type(output)"
   ]
  },
  {
   "cell_type": "code",
   "execution_count": null,
   "id": "1dc34dc3",
   "metadata": {},
   "outputs": [
    {
     "data": {
      "text/plain": [
       "-8224.13208785766"
      ]
     },
     "execution_count": 11,
     "metadata": {},
     "output_type": "execute_result"
    }
   ],
   "source": [
    "output.final_energy"
   ]
  },
  {
   "cell_type": "code",
   "execution_count": null,
   "id": "8da2dd2a",
   "metadata": {},
   "outputs": [],
   "source": []
  }
 ],
 "metadata": {
  "kernelspec": {
   "display_name": "pyiron_workflow",
   "language": "python",
   "name": "python3"
  },
  "language_info": {
   "codemirror_mode": {
    "name": "ipython",
    "version": 3
   },
   "file_extension": ".py",
   "mimetype": "text/x-python",
   "name": "python",
   "nbconvert_exporter": "python",
   "pygments_lexer": "ipython3",
   "version": "3.12.10"
  }
 },
 "nbformat": 4,
 "nbformat_minor": 5
}
